name,protocol_name,PreviousSteps_name
ConvertSNVMixToGen,ConvertSNVMixToGen,
